0.017391677733017117
0.020790168654316137
0.01920071354904551
0.01896432866061187
0.02016656939962507
0.018041546800016777
0.01983105638972616
0.018129098839899178
0.018373503823910578
0.01911499761010458
0.016112275001886993
0.019925744185617655
0.016394311996444467
0.017070788474230658
0.01914247218968545
0.015988656839808397
0.01574802298271281
0.018413576234530483
0.017657159549850518
0.015231320175330632
0.01455815590685956
0.016109991553246886
0.017305101851025725
0.017418094793018778
0.01693211366179924
0.016253179902623156
0.015716483703158566
0.015400470330043345
0.015203705867675247
0.015712404222012026
0.01589636419881886
0.0156752297214207
0.014274914655253636
0.012639425394281414
0.01401407298407772
0.011627144988684326
0.015574925311758444
0.022707965146641154
0.33850223268071417
0.02276457926106786
0.02007957490037149
0.22708912230823394
0.01819327504181063
0.017748377614550576
0.031153702907796874
0.4473015558009898
0.289620909342142
0.41648227976061497
0.4301512124328575
0.291958450386585
0.359465590304469
0.01237367086043596
0.31341378575344275
0.47346469749540354
0.28664896215809144
0.3205495645113964
0.4089065296313397
0.008668197671143072
0.010746216681531409
0.013296703922452337
0.01666118003235142
0.021494263871153312
0.027342609918539974
0.46239152948601814
0.48281848500425795
0.47878290273572033
0.42420859464838456
0.4827864620140559
0.4686171628348282
0.4934778619766827
0.4866014146032999
0.4950518708339798
0.5006273358154826
0.48872216165454174
0.4963800684670632
0.47855297473050906
0.5017209859462038
0.4933845533841823
0.4890835016793001
0.4970483172094192
0.4704164076844888
0.49405705085368623
0.4975523722737143
0.38828920607545625
0.49159116282530385
0.48982932889792774
0.4861908110897884
0.46920226718839725
0.46117496567924166
0.474809593703784
0.5044507963205426
0.49822391241124514
0.48404309702324394
0.49952483299987704
0.5075674179807006
0.499795734930728
0.500586764724794
0.5036885451656372
0.49823069265022996
0.49845739180646154
